# Default file LABAO_S2
# Default AOI
488 468 160 128
# Default Lenslet X/Y positions.
  69.67   34.47
  82.19   34.81
  94.81   34.95
 107.04   35.35
  56.89   47.16
  69.41   46.96
  82.16   47.16
  94.98   47.23
 107.27   47.78
 119.25   48.14
  56.81   60.03
  69.19   60.09
  82.04   60.10
  94.88   60.21
 107.73   60.30
 119.29   60.86
  56.63   72.91
  69.04   73.06
  81.95   73.28
  94.76   73.23
 107.35   73.42
 119.16   73.28
  56.51   85.58
  68.95   86.02
  81.71   86.00
  94.27   86.14
 106.92   85.98
 119.16   85.88
  68.95   98.37
  81.32   98.19
  93.99   98.37
 106.62   98.54
# Default actuator positions for a flat wavefront.
0.728000
0.735076
0.726819
0.722105
0.735076
0.726819
0.722105
0.756305
0.745685
0.723275
0.706771
0.704419
0.731543
0.756305
0.745685
0.723275
0.706771
0.704419
0.731543
0.791687
0.778705
0.753932
0.717370
0.689075
0.674933
0.674943
0.716220
0.755135
0.791687
0.778705
0.753932
0.717370
0.689075
0.674933
0.674943
0.716220
0.755135
# Default center position for pupil
3.244864 2.113058
