# Default file LABAO_S2
# Default AOI
540 460 160 128
# Default Lenslet X/Y positions.
  63.36   40.25
  74.40   40.11
  85.64   40.19
  96.55   40.35
  52.23   50.83
  63.11   50.98
  74.09   51.05
  85.20   51.09
  96.27   51.08
 106.93   51.24
  51.93   61.90
  62.89   61.96
  73.88   62.00
  85.01   62.09
  95.94   62.06
 106.78   62.17
  51.72   72.88
  62.65   73.01
  73.55   73.12
  84.69   73.04
  95.72   73.01
 106.54   72.96
  51.80   83.67
  62.30   83.92
  73.22   83.96
  84.14   83.94
  95.23   83.84
 105.99   83.70
  62.32   94.21
  73.03   94.71
  83.61   94.34
  94.73   94.04
# Default actuator positions for a flat wavefront.
0.770000
0.783608
0.751411
0.774981
0.783608
0.751411
0.774981
0.824433
0.755057
0.695643
0.729175
0.789924
0.825768
0.824433
0.755057
0.695643
0.729175
0.789924
0.825768
0.892474
0.785920
0.689327
0.602697
0.646191
0.716902
0.814829
0.877889
0.903771
0.892474
0.785920
0.689327
0.602697
0.646191
0.716901
0.814829
0.877889
0.903771
